1 3.0 
3 -5.0 
2 0.0 
1 44.0 
2 28.0 
3 -9.0 
3 17.0 
0 0.0 
1 -28.0 
2 -17.0 
2 -4.0 
3 -28.0 
4 0.0 
2 -44.0 
1 -28.0 
5 31.0 
4 -17.0 
6 40.0 
2 0.0 
1 20.0 
1 0.0 
2 48.0 
5 -14.0 
2 0.0 
1 28.0 
6 -31.0 
3 16.0 
8 -40.0 
5 28.0 
4 -28.0 
3 -16.0 
3 -19.0 
2 0.0 
5 -24.0 
3 -28.0 
2 -16.0 
3 -16.0 
3 0.0 
4 -28.0 
2 4.0 
5 16.0 
4 7.0 
4 0.0 
1 0.0 
2 28.0 
1 0.0 
4 16.0 
2 0.0 
1 0.0 
3 -24.0 
8 -20.0 
4 -8.0 
2 0.0 
2 0.0 
3 0.0 
2 7.0 
1 -16.0 
3 17.0 
2 28.0 
1 -4.0 
2 0.0 
2 -8.0 
1 0.0 
2 0.0 
4 -28.0 
4 -28.0 
1 0.0 
3 3.0 
2 0.0 
1 -8.0 
5 0.0 
4 -32.0 
3 0.0 
1 0.0 
4 13.0 
3 32.0 
1 0.0 
2 -24.0 
2 -28.0 
1 -4.0 
4 0.0 
1 12.0 
4 -9.0 
0 0.0 
1 -13.0 
5 5.0 
1 0.0 
2 9.0 
2 28.0 
1 0.0 
3 0.0 
2 -16.0 
3 -28.0 
4 52.0 
2 28.0 
2 -37.0 
2 16.0 
3 -37.0 
2 -28.0 
2 8.0 
3 0.0 
2 11.0 
3 -4.0 
6 -28.0 
1 -28.0 
3 -8.0 
5 0.0 
0 0.0 
3 0.0 
2 -12.0 
3 20.0 
3 -11.0 
2 0.0 
5 8.0 
2 13.0 
2 -44.0 
3 -16.0 
1 36.0 
3 28.0 
1 4.0 
4 -20.0 
2 4.0 
2 0.0 
6 0.0 
4 -13.0 
2 33.0 
0 0.0 
2 -12.0 
4 -24.0 
2 0.0 
5 0.0 
4 0.0 
4 -28.0 
6 -12.0 
3 0.0 
4 15.0 
3 -4.0 
2 -24.0 
3 -4.0 
2 0.0 
5 0.0 
6 -44.0 
0 0.0 
2 0.0 
3 8.0 
1 -36.0 
3 11.0 
1 24.0 
1 0.0 
2 -4.0 
4 0.0 
1 0.0 
0 0.0 
2 -20.0 
2 -8.0 
2 -4.0 
3 -11.0 
0 0.0 
3 8.0 
4 0.0 
4 0.0 
1 -4.0 
1 28.0 
1 0.0 
4 0.0 
1 -8.0 
3 -28.0 
3 -24.0 
4 -8.0 
2 -36.0 
3 0.0 
0 0.0 
2 -36.0 
4 27.0 
4 0.0 
3 34.0 
2 0.0 
3 24.0 
2 0.0 
1 40.0 
3 0.0 
2 48.0 
1 0.0 
5 -3.0 
2 0.0 
3 -34.0 
2 0.0 
3 8.0 
4 -32.0 
1 -44.0 
3 0.0 
4 0.0 
3 -44.0 
2 -24.0 
2 0.0 
0 0.0 
5 0.0 
6 -76.0 
1 0.0 
0 4.0 
2 0.0 
3 -44.0 
0 0.0 
1 20.0 
4 0.0 
1 44.0 
2 28.0 
2 44.0 
2 0.0 
1 4.0 
4 0.0 
4 52.0 
2 44.0 
1 -20.0 
4 0.0 
2 -4.0 
5 0.0 
3 -12.0 
2 -4.0 
1 -8.0 
3 0.0 
6 -12.0 
2 -44.0 
1 17.0 
2 0.0 
2 -40.0 
6 -60.0 
2 -32.0 
2 -36.0 
0 4.0 
2 20.0 
2 0.0 
3 48.0 
3 -25.0 
2 0.0 
1 0.0 
1 45.0 
3 48.0 
2 40.0 
0 -4.0 
2 -20.0 
1 -44.0 
6 -44.0 
1 0.0 
2 8.0 
2 67.0 
3 -45.0 
5 -16.0 
3 -40.0 
1 0.0 
1 0.0 
1 0.0 
4 -4.0 
2 -44.0 
2 -8.0 
2 -63.0 
4 0.0 
3 -5.0 
1 0.0 
1 0.0 
3 20.0 
2 44.0 
1 0.0 
0 0.0 
1 0.0 
2 -4.0 
3 0.0 
3 41.0 
1 -4.0 
3 40.0 
3 -20.0 
2 4.0 
3 44.0 
1 0.0 
3 -32.0 
4 33.0 
1 0.0 
3 -32.0 
2 0.0 
5 4.0 
2 0.0 
4 -36.0 
5 -5.0 
1 8.0 
2 0.0 
3 -21.0 
0 0.0 
2 0.0 
3 8.0 
3 -44.0 
2 0.0 
1 -4.0 
2 -39.0 
1 28.0 
6 -44.0 
2 -12.0 
1 -4.0 
2 -9.0 
1 0.0 
4 76.0 
3 0.0 
0 -8.0 
2 44.0 
2 -36.0 
1 40.0 
0 0.0 
1 36.0 
1 -27.0 
1 0.0 
5 -36.0 
4 -52.0 
1 0.0 
2 -44.0 
3 40.0 
2 -40.0 
2 8.0 
1 -36.0 
0 0.0 
1 0.0 
3 0.0 
1 28.0 
2 44.0 
2 44.0 
3 -4.0 
2 0.0 
2 -8.0 
0 0.0 
1 4.0 
1 -8.0 
1 -40.0 
1 -28.0 
2 0.0 
1 -44.0 
3 -36.0 
2 0.0 
1 0.0 
1 0.0 
0 0.0 
1 0.0 
1 4.0 
0 0.0 
1 -44.0 
0 0.0 
3 -4.0 
0 0.0 
1 4.0 
1 4.0 
1 -4.0 
3 8.0 
2 -8.0 
1 -4.0 
1 0.0 
0 0.0 
2 4.0 
2 -4.0 
2 4.0 
3 -48.0 
0 4.0 
6 32.0 
1 4.0 
1 -4.0 
1 4.0 
1 0.0 
2 0.0 
0 0.0 
2 0.0 
1 0.0 
0 -4.0 
3 -32.0 
2 -4.0 
0 0.0 
1 40.0 
2 39.0 
2 -4.0 
0 4.0 
1 -8.0 
1 4.0 
2 -8.0 
1 36.0 
2 0.0 
1 0.0 
1 -40.0 
4 9.0 
2 8.0 
3 40.0 
1 8.0 
0 0.0 
1 -4.0 
3 -36.0 
2 44.0 
3 0.0 
1 44.0 
3 -48.0 
4 40.0 
4 -40.0 
3 0.0 
3 0.0 
0 0.0 
3 -8.0 
1 -40.0 
2 0.0 
1 -48.0 
1 0.0 
5 -23.0 
1 -4.0 
2 0.0 
3 0.0 
0 4.0 
2 4.0 
2 8.0 
1 -36.0 
0 0.0 
3 0.0 
2 -21.0 
0 0.0 
0 -8.0 
0 -4.0 
2 -4.0 
1 4.0 
2 27.0 
1 32.0 
2 0.0 
4 44.0 
0 -4.0 
0 4.0 
1 0.0 
2 4.0 
3 0.0 
2 4.0 
1 -23.0 
1 -32.0 
3 48.0 
3 -44.0 
1 0.0 
3 47.0 
1 0.0 
3 -4.0 
1 0.0 
3 -12.0 
3 -16.0 
1 0.0 
0 0.0 
2 44.0 
1 8.0 
2 -47.0 
0 4.0 
2 0.0 
0 0.0 
0 8.0 
3 48.0 
2 0.0 
4 -48.0 
1 -44.0 
2 17.0 
1 0.0 
3 29.0 
3 0.0 
0 4.0 
1 -8.0 
2 -48.0 
1 4.0 
3 4.0 
1 0.0 
2 -25.0 
3 0.0 
3 -29.0 
2 4.0 
0 -4.0 
1 8.0 
2 12.0 
0 -4.0 
1 0.0 
1 4.0 
2 4.0 
1 -4.0 
2 -8.0 
0 -4.0 
1 4.0 
1 -8.0 
3 -8.0 
1 -12.0 
1 0.0 
0 -4.0 
3 4.0 
0 4.0 
1 0.0 
1 8.0 
2 0.0 
1 0.0 
2 -4.0 
1 29.0 
1 -4.0 
0 0.0 
2 0.0 
1 -4.0 
1 0.0 
1 -4.0 
2 -4.0 
0 4.0 
2 0.0 
3 -29.0 
2 44.0 
1 4.0 
2 -8.0 
1 0.0 
1 4.0 
0 0.0 
3 4.0 
1 -8.0 
2 48.0 
2 4.0 
3 0.0 
1 -4.0 
1 0.0 
0 0.0 
3 -4.0 
1 0.0 
4 4.0 
1 8.0 
2 -48.0 
1 0.0 
1 -44.0 
0 4.0 
1 25.0 
0 0.0 
3 4.0 
2 -4.0 
2 -8.0 
1 -8.0 
1 0.0 
2 -4.0 
1 0.0 
1 40.0 
1 -21.0 
1 0.0 
3 0.0 
2 4.0 
0 0.0 
1 4.0 
1 0.0 
3 0.0 
1 0.0 
2 -40.0 
4 21.0 
1 4.0 
2 0.0 
1 -4.0 
1 0.0 
1 0.0 
1 4.0 
2 0.0 
1 0.0 
2 40.0 
4 -25.0 
0 -4.0 
0 0.0 
1 4.0 
1 4.0 
1 -4.0 
0 0.0 
1 0.0 
0 0.0 
3 -44.0 
2 8.0 
0 8.0 
2 -4.0 
1 -4.0 
0 -4.0 
2 0.0 
0 -4.0 
1 0.0 
2 0.0 
3 4.0 
4 32.0 
0 -4.0 
2 44.0 
0 4.0 
0 0.0 
1 0.0 
0 4.0 
1 0.0 
3 44.0 
1 0.0 
3 0.0 
0 0.0 
2 -44.0 
2 -4.0 
0 4.0 
3 4.0 
2 4.0 
1 0.0 
1 -40.0 
0 -4.0 
3 -32.0 
2 0.0 
1 4.0 
2 4.0 
1 40.0 
1 -4.0 
4 36.0 
2 29.0 
0 -4.0 
0 0.0 
0 -8.0 
2 0.0 
1 -4.0 
0 0.0 
1 -40.0 
0 0.0 
2 -40.0 
3 -29.0 
1 0.0 
0 0.0 
1 4.0 
0 0.0 
1 8.0 
1 0.0 
0 0.0 
1 0.0 
0 0.0 
1 0.0 
2 0.0 
1 44.0 
2 -4.0 
2 -4.0 
4 36.0 
1 0.0 
1 -4.0 
1 0.0 
0 0.0 
0 0.0 
1 0.0 
2 -44.0 
3 12.0 
2 4.0 
3 -44.0 
1 -4.0 
2 0.0 
1 48.0 
1 -4.0 
0 0.0 
1 44.0 
1 4.0 
4 28.0 
1 0.0 
2 44.0 
2 0.0 
1 4.0 
2 -44.0 
2 0.0 
0 0.0 
1 -44.0 
0 -4.0 
3 0.0 
1 0.0 
2 -44.0 
1 0.0 
0 -4.0 
1 0.0 
3 48.0 
1 0.0 
1 4.0 
0 4.0 
2 -36.0 
0 0.0 
1 4.0 
1 4.0 
1 44.0 
1 0.0 
1 -4.0 
3 44.0 
2 40.0 
0 4.0 
3 0.0 
1 4.0 
2 0.0 
1 40.0 
2 0.0 
1 -4.0 
1 -44.0 
1 4.0 
1 -40.0 
0 -8.0 
3 36.0 
2 -4.0 
2 0.0 
2 -40.0 
2 -40.0 
0 4.0 
1 0.0 
2 -48.0 
1 0.0 
0 0.0 
1 -40.0 
1 0.0 
2 40.0 
1 -4.0 
1 -4.0 
1 4.0 
3 4.0 
1 0.0 
2 -4.0 
0 0.0 
0 0.0 
0 0.0 
1 -36.0 
1 4.0 
0 0.0 
0 -8.0 
3 -4.0 
3 8.0 
2 0.0 
0 0.0 
3 44.0 
0 0.0 
1 -8.0 
1 -4.0 
0 0.0 
1 4.0 
3 44.0 
3 -4.0 
1 0.0 
0 0.0 
2 -36.0 
1 -4.0 
1 4.0 
2 4.0 
0 0.0 
2 8.0 
1 -44.0 
0 -4.0 
2 44.0 
1 44.0 
4 21.0 
1 0.0 
0 0.0 
3 0.0 
2 29.0 
4 -12.0 
2 44.0 
1 0.0 
2 -40.0 
1 -40.0 
2 11.0 
1 4.0 
0 0.0 
2 -4.0 
2 -25.0 
2 0.0 
2 -40.0 
1 0.0 
0 -4.0 
0 -4.0 
3 -41.0 
1 -4.0 
1 -4.0 
1 0.0 
1 35.0 
3 44.0 
1 -4.0 
0 0.0 
0 0.0 
0 0.0 
0 0.0 
1 4.0 
1 0.0 
0 4.0 
1 -39.0 
2 -44.0 
0 0.0 
1 0.0 
0 0.0 
1 0.0 
1 26.0 
1 0.0 
1 0.0 
0 -4.0 
1 48.0 
0 4.0 
0 0.0 
1 0.0 
1 4.0 
1 0.0 
2 -26.0 
0 -4.0 
2 0.0 
1 4.0 
2 -19.0 
1 -4.0 
2 0.0 
1 0.0 
1 -4.0 
0 4.0 
1 4.0 
1 0.0 
2 4.0 
1 -4.0 
2 -29.0 
1 0.0 
3 0.0 
2 4.0 
0 0.0 
0 0.0 
1 35.0 
1 4.0 
2 8.0 
0 4.0 
1 0.0 
1 0.0 
2 0.0 
1 -4.0 
2 44.0 
1 -4.0 
1 -39.0 
1 -4.0 
2 -12.0 
0 0.0 
1 48.0 
1 4.0 
3 0.0 
0 4.0 
2 -44.0 
1 0.0 
1 0.0 
1 4.0 
1 0.0 
2 4.0 
1 -44.0 
0 0.0 
2 0.0 
0 -4.0 
1 44.0 
2 0.0 
2 28.0 
0 0.0 
1 0.0 
2 -8.0 
0 0.0 
0 0.0 
1 4.0 
1 0.0 
2 -40.0 
2 0.0 
4 6.0 
0 -4.0 
1 4.0 
0 0.0 
0 -4.0 
1 -4.0 
2 -4.0 
3 4.0 
0 -4.0 
2 4.0 
3 -34.0 
1 4.0 
0 0.0 
0 4.0 
2 44.0 
3 44.0 
1 4.0 
3 -4.0 
1 4.0 
1 0.0 
1 0.0 
2 0.0 
0 -4.0 
1 0.0 
4 4.0 
2 -40.0 
2 -4.0 
0 0.0 
3 -4.0 
1 40.0 
2 35.0 
1 -4.0 
1 0.0 
3 -4.0 
2 -44.0 
1 0.0 
1 0.0 
0 0.0 
2 0.0 
1 -44.0 
2 -5.0 
0 0.0 
1 4.0 
2 4.0 
0 0.0 
1 0.0 
2 12.0 
1 0.0 
1 0.0 
1 4.0 
1 -30.0 
0 0.0 
0 -4.0 
0 0.0 
1 0.0 
2 -4.0 
2 -8.0 
2 44.0 
1 4.0 
1 -4.0 
1 4.0 
0 8.0 
0 0.0 
0 0.0 
1 -4.0 
4 44.0 
1 -4.0 
2 -44.0 
1 -4.0 
1 29.0 
3 32.0 
0 -4.0 
0 0.0 
0 -4.0 
1 4.0 
4 -44.0 
1 0.0 
1 0.0 
0 0.0 
1 -25.0 
4 -6.0 
0 -4.0 
0 4.0 
1 0.0 
2 -4.0 
0 4.0 
0 4.0 
1 0.0 
1 0.0 
1 -4.0 
3 4.0 
1 0.0 
0 4.0 
2 4.0 
2 0.0 
1 0.0 
3 0.0 
1 0.0 
1 4.0 
1 4.0 
3 -8.0 
1 4.0 
1 -8.0 
2 0.0 
1 4.0 
1 0.0 
3 40.0 
1 0.0 
2 40.0 
0 0.0 
4 4.0 
0 -4.0 
0 0.0 
1 -4.0 
0 -4.0 
0 0.0 
1 -44.0 
1 0.0 
2 -36.0 
1 44.0 
2 0.0 
2 4.0 
2 4.0 
1 4.0 
0 0.0 
1 0.0 
0 0.0 
0 4.0 
0 -8.0 
1 -44.0 
3 -4.0 
3 -4.0 
1 0.0 
2 -4.0 
1 0.0 
1 -4.0 
0 0.0 
1 0.0 
0 0.0 
0 -4.0 
3 -21.0 
1 0.0 
2 -4.0 
1 0.0 
3 44.0 
1 4.0 
1 0.0 
0 -4.0 
1 0.0 
3 8.0 
1 30.0 
0 0.0 
2 4.0 
0 0.0 
3 -44.0 
2 0.0 
2 0.0 
1 4.0 
2 4.0 
3 -4.0 
2 -9.0 
4 44.0 
0 -4.0 
0 0.0 
1 0.0 
1 0.0 
2 4.0 
0 -4.0 
2 25.0 
0 -4.0 
2 -22.0 
5 -36.0 
0 4.0 
2 4.0 
0 0.0 
1 -4.0 
2 0.0 
1 4.0 
1 -29.0 
1 0.0 
1 -4.0 
2 0.0 
1 0.0 
1 -4.0 
1 44.0 
2 4.0 
1 -4.0 
3 8.0 
1 0.0 
2 48.0 
1 35.0 
1 -4.0 
1 0.0 
2 4.0 
1 -44.0 
1 -4.0 
2 44.0 
2 -12.0 
1 0.0 
4 -40.0 
4 25.0 
0 0.0 
0 -4.0 
2 0.0 
1 0.0 
0 0.0 
1 0.0 
1 0.0 
0 0.0 
3 -8.0 
4 -55.0 
1 25.0 
1 0.0 
2 0.0 
0 8.0 
1 0.0 
2 -44.0 
1 0.0 
1 12.0 
2 67.0 
3 -5.0 
1 -25.0 
1 0.0 
2 -4.0 
3 36.0 
3 0.0 
1 4.0 
1 0.0 
2 0.0 
2 -67.0 
0 0.0 
3 -4.0 
0 4.0 
2 4.0 
2 -44.0 
3 4.0 
0 -4.0 
1 0.0 
2 -12.0 
0 4.0 
0 14.0 
3 0.0 
1 0.0 
1 -4.0 
1 4.0 
1 -4.0 
1 0.0 
1 0.0 
2 44.0 
1 -4.0 
1 12.0 
2 0.0 
3 0.0 
0 4.0 
1 -4.0 
3 4.0 
2 48.0 
2 0.0 
1 -44.0 
1 0.0 
3 0.0 
3 4.0 
2 0.0 
1 4.0 
2 4.0 
3 0.0 
3 -48.0 
2 44.0 
1 44.0 
0 0.0 
2 -26.0 
2 25.0 
0 0.0 
2 -4.0 
2 -4.0 
1 -4.0 
3 0.0 
1 -44.0 
1 -40.0 
1 4.0 
1 30.0 
1 -25.0 
1 4.0 
1 0.0 
1 4.0 
1 0.0 
0 0.0 
2 0.0 
1 -4.0 
2 -4.0 
2 -30.0 
0 -4.0 
1 -4.0 
0 -4.0 
1 0.0 
1 0.0 
1 4.0 
3 0.0 
2 0.0 
2 0.0 
3 26.0 
2 0.0 
0 0.0 
0 0.0 
1 -4.0 
1 0.0 
0 -4.0 
1 4.0 
2 39.0 
1 4.0 
2 -26.0 
3 4.0 
0 -4.0 
0 4.0 
1 4.0 
0 0.0 
2 4.0 
0 0.0 
3 -39.0 
0 -4.0 
1 30.0 
1 0.0 
0 4.0 
1 0.0 
0 -4.0 
0 0.0 
6 48.0 
0 -4.0 
1 0.0 
0 0.0 
1 -30.0 
1 -4.0 
1 -4.0 
1 4.0 
1 29.0 
0 0.0 
4 -48.0 
0 0.0 
0 4.0 
0 4.0 
1 26.0 
1 0.0 
2 0.0 
3 -4.0 
1 -29.0 
0 0.0 
0 0.0 
1 8.0 
1 0.0 
0 0.0 
3 22.0 
0 4.0 
1 4.0 
3 -4.0 
0 0.0 
1 0.0 
2 0.0 
3 40.0 
4 40.0 
0 -4.0 
2 -44.0 
0 -4.0 
0 0.0 
0 4.0 
0 0.0 
2 4.0 
2 -4.0 
3 -48.0 
3 -44.0 
0 0.0 
0 0.0 
1 0.0 
0 0.0 
1 4.0 
0 4.0 
3 -4.0 
0 0.0 
2 4.0 
1 44.0 
1 0.0 
1 22.0 
1 0.0 
0 -4.0 
2 -8.0 
1 40.0 
2 4.0 
1 4.0 
1 -4.0 
1 -44.0 
1 0.0 
2 13.0 
0 0.0 
0 0.0 
1 0.0 
1 -44.0 
2 -4.0 
1 -4.0 
0 0.0 
1 0.0 
1 44.0 
3 -39.0 
2 0.0 
0 0.0 
1 37.0 
1 29.0 
1 4.0 
1 48.0 
1 44.0 
2 0.0 
2 0.0 
2 0.0 
3 8.0 
0 4.0 
1 -33.0 
1 -29.0 
2 -4.0 
2 -19.0 
1 -44.0 
2 4.0 
1 -40.0 
0 0.0 
1 -4.0 
0 0.0 
0 -4.0 
2 29.0 
2 29.0 
1 -25.0 
0 0.0 
2 0.0 
0 -4.0 
0 0.0 
1 0.0 
1 -4.0 
0 4.0 
2 -29.0 
1 -21.0 
0 0.0 
0 0.0 
4 44.0 
1 0.0 
1 26.0 
2 0.0 
1 0.0 
0 -4.0 
1 29.0 
0 -8.0 
0 -4.0 
1 0.0 
2 -48.0 
1 4.0 
1 -26.0 
2 -4.0 
1 0.0 
0 0.0 
1 -29.0 
0 4.0 
1 44.0 
1 0.0 
2 4.0 
3 25.0 
1 34.0 
1 4.0 
1 0.0 
2 0.0 
1 0.0 
0 0.0 
3 4.0 
1 48.0 
2 -4.0 
1 -25.0 
1 -34.0 
0 0.0 
0 0.0 
2 4.0 
1 4.0 
0 -4.0 
1 -48.0 
2 -44.0 
1 0.0 
1 -4.0 
1 26.0 
0 -4.0 
0 4.0 
1 0.0 
3 44.0 
1 4.0 
1 4.0 
1 -4.0 
1 0.0 
2 0.0 
1 -26.0 
1 4.0 
1 0.0 
2 0.0 
4 -4.0 
1 -4.0 
2 -4.0 
0 0.0 
1 4.0 
2 0.0 
1 0.0 
1 -4.0 
1 -4.0 
2 -4.0 
1 -44.0 
2 0.0 
2 0.0 
0 4.0 
2 40.0 
1 0.0 
2 30.0 
1 0.0 
0 8.0 
2 4.0 
0 0.0 
2 4.0 
2 4.0 
0 0.0 
2 0.0 
1 4.0 
2 -26.0 
3 29.0 
0 0.0 
3 0.0 
0 0.0 
0 0.0 
0 0.0 
1 0.0 
1 -44.0 
2 35.0 
2 22.0 
2 -25.0 
1 -8.0 
2 0.0 
1 0.0 
0 0.0 
0 -4.0 
2 0.0 
0 4.0 
1 -39.0 
3 9.0 
0 -4.0 
1 4.0 
2 -4.0 
2 0.0 
1 -4.0 
1 0.0 
1 -4.0 
1 40.0 
0 4.0 
2 -35.0 
0 0.0 
1 0.0 
2 0.0 
3 4.0 
1 4.0 
1 4.0 
0 0.0 
2 0.0 
0 -4.0 
0 0.0 
0 0.0 
1 -4.0 
0 4.0 
2 0.0 
0 -4.0 
1 0.0 
0 4.0 
1 -44.0 
0 0.0 
2 -3.0 
0 4.0 
1 0.0 
2 0.0 
0 0.0 
2 4.0 
0 -4.0 
