12 129.0 
6 93.0 
9 135.0 
8 84.0 
9 80.0 
9 102.0 
10 112.0 
8 88.0 
11 108.0 
11 109.0 
13 132.0 
8 88.0 
9 135.0 
9 128.0 
9 108.0 
6 93.0 
11 129.0 
8 88.0 
10 80.0 
12 92.0 
11 128.0 
5 60.0 
11 135.0 
7 84.0 
8 80.0 
8 124.0 
10 112.0 
10 128.0 
11 80.0 
13 112.0 
12 128.0 
7 108.0 
9 121.0 
7 84.0 
9 108.0 
6 93.0 
11 128.0 
10 88.0 
11 108.0 
10 84.0 
9 112.0 
6 89.0 
10 121.0 
8 60.0 
10 80.0 
5 77.0 
10 112.0 
9 88.0 
11 80.0 
10 88.0 
12 128.0 
6 96.0 
10 121.0 
7 60.0 
9 108.0 
6 77.0 
11 128.0 
9 88.0 
10 80.0 
9 64.0 
9 108.0 
7 88.0 
9 121.0 
7 60.0 
9 108.0 
6 84.0 
10 112.0 
9 105.0 
11 108.0 
8 60.0 
8 108.0 
6 80.0 
8 121.0 
9 60.0 
9 80.0 
7 56.0 
11 112.0 
9 108.0 
11 108.0 
7 52.0 
9 108.0 
4 48.0 
10 121.0 
8 60.0 
9 93.0 
10 88.0 
11 112.0 
7 84.0 
9 80.0 
6 48.0 
9 108.0 
5 60.0 
8 112.0 
8 60.0 
10 80.0 
7 93.0 
10 112.0 
7 93.0 
10 108.0 
5 48.0 
7 108.0 
3 44.0 
8 84.0 
10 112.0 
10 108.0 
7 56.0 
10 128.0 
6 56.0 
9 80.0 
7 56.0 
10 108.0 
5 55.0 
5 80.0 
10 84.0 
9 80.0 
5 48.0 
10 128.0 
6 56.0 
10 80.0 
5 44.0 
9 128.0 
2 44.0 
6 80.0 
8 92.0 
8 93.0 
5 4.0 
10 112.0 
7 92.0 
10 108.0 
5 48.0 
8 108.0 
3 48.0 
5 80.0 
12 92.0 
9 80.0 
7 37.0 
10 112.0 
6 80.0 
11 84.0 
6 48.0 
11 108.0 
6 48.0 
6 52.0 
8 80.0 
10 80.0 
7 52.0 
8 108.0 
6 56.0 
10 80.0 
4 48.0 
8 108.0 
0 4.0 
6 52.0 
7 80.0 
9 88.0 
6 16.0 
11 119.0 
7 80.0 
10 80.0 
4 44.0 
8 108.0 
1 4.0 
6 52.0 
8 60.0 
10 80.0 
5 12.0 
8 108.0 
7 80.0 
10 88.0 
4 44.0 
9 108.0 
0 0.0 
6 80.0 
7 60.0 
9 80.0 
5 4.0 
9 80.0 
4 56.0 
8 80.0 
4 8.0 
10 108.0 
0 0.0 
5 44.0 
7 87.0 
9 80.0 
4 38.0 
7 80.0 
5 80.0 
10 80.0 
5 48.0 
9 108.0 
2 48.0 
6 44.0 
10 84.0 
9 80.0 
5 4.0 
5 80.0 
6 88.0 
7 48.0 
4 4.0 
7 108.0 
2 48.0 
3 0.0 
8 60.0 
9 80.0 
5 4.0 
10 80.0 
4 12.0 
7 48.0 
4 8.0 
8 108.0 
1 4.0 
3 0.0 
7 80.0 
7 80.0 
6 48.0 
10 108.0 
6 56.0 
7 48.0 
4 12.0 
7 108.0 
3 56.0 
4 44.0 
8 60.0 
9 80.0 
6 44.0 
10 108.0 
3 44.0 
6 44.0 
4 4.0 
9 108.0 
3 44.0 
3 0.0 
7 77.0 
7 80.0 
4 4.0 
7 48.0 
5 12.0 
4 8.0 
4 8.0 
9 128.0 
1 44.0 
4 48.0 
8 52.0 
9 80.0 
5 4.0 
8 93.0 
7 60.0 
4 48.0 
4 4.0 
9 108.0 
0 0.0 
4 4.0 
7 52.0 
9 88.0 
7 71.0 
7 48.0 
5 44.0 
5 8.0 
3 4.0 
8 108.0 
1 0.0 
4 0.0 
9 8.0 
9 80.0 
5 8.0 
7 48.0 
3 39.0 
4 8.0 
4 4.0 
10 128.0 
1 44.0 
3 0.0 
9 8.0 
8 80.0 
4 4.0 
6 48.0 
5 80.0 
4 4.0 
7 44.0 
8 108.0 
3 48.0 
6 44.0 
8 8.0 
5 48.0 
6 37.0 
7 48.0 
5 48.0 
4 4.0 
2 48.0 
8 108.0 
1 12.0 
4 39.0 
9 16.0 
7 48.0 
6 16.0 
7 48.0 
5 48.0 
5 12.0 
3 4.0 
9 108.0 
0 8.0 
3 0.0 
9 44.0 
2 4.0 
4 4.0 
6 44.0 
3 39.0 
4 12.0 
7 80.0 
9 108.0 
0 0.0 
4 44.0 
8 8.0 
3 44.0 
4 4.0 
7 80.0 
4 12.0 
3 12.0 
4 44.0 
7 56.0 
1 0.0 
2 0.0 
10 48.0 
3 4.0 
5 12.0 
6 44.0 
4 12.0 
4 12.0 
5 44.0 
8 84.0 
1 44.0 
4 44.0 
9 44.0 
2 4.0 
5 4.0 
6 44.0 
5 16.0 
3 4.0 
4 4.0 
7 56.0 
1 44.0 
3 0.0 
10 8.0 
2 4.0 
5 4.0 
6 44.0 
5 16.0 
4 4.0 
3 8.0 
7 56.0 
0 0.0 
3 0.0 
7 4.0 
2 4.0 
4 8.0 
6 48.0 
4 12.0 
3 12.0 
3 0.0 
6 52.0 
1 0.0 
3 0.0 
7 8.0 
2 0.0 
6 12.0 
4 0.0 
4 16.0 
6 44.0 
3 4.0 
5 48.0 
0 4.0 
4 0.0 
7 8.0 
2 0.0 
5 12.0 
5 0.0 
4 12.0 
4 12.0 
3 0.0 
5 48.0 
1 44.0 
4 39.0 
8 4.0 
2 4.0 
5 4.0 
4 4.0 
2 4.0 
5 48.0 
2 0.0 
4 48.0 
0 4.0 
3 48.0 
6 12.0 
5 44.0 
4 12.0 
4 4.0 
3 0.0 
5 12.0 
4 44.0 
5 48.0 
1 48.0 
3 0.0 
6 52.0 
3 4.0 
5 12.0 
4 4.0 
3 0.0 
5 4.0 
3 4.0 
5 48.0 
0 0.0 
4 0.0 
5 29.0 
2 0.0 
5 12.0 
4 4.0 
3 4.0 
4 8.0 
3 12.0 
4 12.0 
0 0.0 
3 0.0 
7 8.0 
2 0.0 
5 4.0 
4 0.0 
1 0.0 
4 12.0 
4 39.0 
5 44.0 
2 0.0 
5 44.0 
7 4.0 
2 4.0 
6 4.0 
4 4.0 
2 0.0 
6 16.0 
5 16.0 
4 12.0 
1 48.0 
3 0.0 
6 4.0 
3 51.0 
5 4.0 
3 0.0 
3 0.0 
4 4.0 
2 0.0 
4 12.0 
1 48.0 
4 44.0 
7 12.0 
1 4.0 
5 8.0 
4 0.0 
3 0.0 
4 12.0 
5 48.0 
5 12.0 
3 0.0 
3 0.0 
6 29.0 
2 4.0 
7 37.0 
3 0.0 
3 4.0 
5 4.0 
3 0.0 
4 16.0 
1 4.0 
4 0.0 
7 4.0 
3 4.0 
5 8.0 
4 4.0 
3 0.0 
4 12.0 
4 12.0 
4 12.0 
0 4.0 
3 4.0 
8 8.0 
2 0.0 
4 0.0 
4 0.0 
2 4.0 
3 4.0 
4 4.0 
3 0.0 
1 4.0 
3 0.0 
6 12.0 
2 4.0 
3 0.0 
5 8.0 
4 4.0 
4 4.0 
3 0.0 
4 29.0 
0 0.0 
3 0.0 
6 12.0 
3 0.0 
4 0.0 
4 4.0 
2 0.0 
4 8.0 
2 0.0 
4 0.0 
2 44.0 
4 4.0 
8 4.0 
2 0.0 
5 4.0 
4 4.0 
3 4.0 
3 0.0 
4 48.0 
3 4.0 
1 44.0 
3 0.0 
7 4.0 
2 0.0 
6 0.0 
4 4.0 
5 8.0 
4 8.0 
3 0.0 
4 4.0 
0 0.0 
3 4.0 
6 29.0 
2 0.0 
3 4.0 
4 0.0 
3 0.0 
3 0.0 
3 0.0 
3 0.0 
1 0.0 
2 44.0 
7 8.0 
3 0.0 
3 4.0 
4 4.0 
3 0.0 
4 4.0 
4 0.0 
5 0.0 
1 0.0 
2 4.0 
5 29.0 
2 4.0 
4 4.0 
4 0.0 
2 0.0 
3 4.0 
3 4.0 
3 0.0 
0 0.0 
4 44.0 
7 4.0 
2 0.0 
4 4.0 
3 4.0 
3 4.0 
3 0.0 
3 4.0 
2 0.0 
0 0.0 
2 0.0 
7 12.0 
2 8.0 
4 0.0 
4 0.0 
3 0.0 
4 0.0 
3 0.0 
3 0.0 
2 0.0 
3 4.0 
6 44.0 
2 4.0 
6 44.0 
4 4.0 
3 0.0 
5 0.0 
3 4.0 
4 0.0 
1 44.0 
3 4.0 
6 44.0 
2 4.0 
4 0.0 
5 0.0 
3 4.0 
3 4.0 
2 8.0 
3 0.0 
0 4.0 
3 0.0 
7 12.0 
4 4.0 
3 4.0 
4 4.0 
4 44.0 
3 0.0 
4 44.0 
5 29.0 
0 0.0 
3 0.0 
7 4.0 
2 4.0 
4 0.0 
4 4.0 
3 4.0 
3 0.0 
3 4.0 
2 0.0 
1 0.0 
3 0.0 
6 8.0 
2 4.0 
5 8.0 
3 4.0 
3 4.0 
4 0.0 
3 4.0 
3 0.0 
1 0.0 
4 44.0 
8 4.0 
3 0.0 
5 44.0 
4 4.0 
4 0.0 
3 0.0 
3 4.0 
3 0.0 
0 0.0 
3 0.0 
6 16.0 
2 4.0 
4 0.0 
3 0.0 
2 0.0 
4 48.0 
3 0.0 
3 0.0 
1 44.0 
3 4.0 
9 44.0 
3 4.0 
5 44.0 
4 0.0 
3 4.0 
4 4.0 
4 0.0 
3 0.0 
0 0.0 
3 0.0 
6 44.0 
2 4.0 
4 0.0 
3 0.0 
3 0.0 
3 4.0 
5 48.0 
4 0.0 
1 4.0 
3 4.0 
6 8.0 
2 4.0 
3 4.0 
4 4.0 
4 44.0 
4 4.0 
4 44.0 
4 44.0 
1 44.0 
3 8.0 
8 8.0 
3 8.0 
5 4.0 
5 44.0 
4 44.0 
3 0.0 
3 0.0 
4 48.0 
0 4.0 
3 0.0 
8 44.0 
3 4.0 
3 4.0 
5 4.0 
4 4.0 
3 4.0 
3 0.0 
4 0.0 
1 4.0 
3 0.0 
7 4.0 
2 4.0 
5 44.0 
4 0.0 
3 0.0 
3 8.0 
3 4.0 
3 0.0 
1 0.0 
3 0.0 
7 4.0 
2 4.0 
4 8.0 
5 4.0 
3 0.0 
3 0.0 
2 0.0 
2 8.0 
1 0.0 
3 0.0 
6 48.0 
2 4.0 
4 0.0 
4 0.0 
3 0.0 
3 4.0 
3 44.0 
3 4.0 
0 0.0 
3 0.0 
6 12.0 
3 0.0 
4 4.0 
4 4.0 
3 0.0 
4 12.0 
2 0.0 
3 0.0 
2 44.0 
2 44.0 
6 33.0 
2 0.0 
4 4.0 
3 4.0 
5 29.0 
3 0.0 
4 44.0 
2 0.0 
0 4.0 
3 4.0 
8 44.0 
3 4.0 
4 4.0 
3 0.0 
3 4.0 
4 0.0 
4 4.0 
3 0.0 
0 0.0 
3 0.0 
5 3.0 
2 0.0 
3 0.0 
4 0.0 
4 39.0 
3 44.0 
3 0.0 
3 0.0 
0 0.0 
3 0.0 
5 3.0 
3 4.0 
4 0.0 
4 4.0 
3 0.0 
3 0.0 
3 0.0 
3 0.0 
0 0.0 
4 0.0 
4 29.0 
2 4.0 
3 0.0 
4 0.0 
2 48.0 
3 4.0 
3 0.0 
3 0.0 
1 4.0 
3 0.0 
4 3.0 
2 0.0 
5 0.0 
4 4.0 
4 29.0 
4 0.0 
3 0.0 
4 0.0 
0 0.0 
3 4.0 
5 7.0 
3 0.0 
5 4.0 
4 0.0 
4 0.0 
3 0.0 
4 0.0 
2 4.0 
0 0.0 
3 4.0 
4 42.0 
2 4.0 
3 12.0 
4 4.0 
3 0.0 
2 0.0 
4 0.0 
3 0.0 
2 44.0 
2 0.0 
5 3.0 
3 0.0 
5 0.0 
4 4.0 
4 48.0 
3 4.0 
3 0.0 
3 4.0 
0 0.0 
3 0.0 
4 3.0 
2 4.0 
4 0.0 
5 8.0 
3 4.0 
3 4.0 
3 0.0 
3 0.0 
1 44.0 
5 0.0 
6 31.0 
2 4.0 
4 0.0 
4 0.0 
3 4.0 
3 4.0 
4 4.0 
3 0.0 
1 4.0 
4 0.0 
6 37.0 
2 0.0 
4 4.0 
4 0.0 
3 0.0 
3 0.0 
4 0.0 
4 4.0 
1 0.0 
2 4.0 
5 3.0 
3 4.0 
4 4.0 
4 4.0 
5 44.0 
3 44.0 
5 4.0 
3 0.0 
2 4.0 
3 4.0 
4 3.0 
3 4.0 
4 0.0 
5 4.0 
5 48.0 
4 4.0 
3 0.0 
3 0.0 
1 0.0 
4 44.0 
4 38.0 
2 0.0 
4 0.0 
5 0.0 
3 4.0 
3 4.0 
3 0.0 
3 0.0 
1 0.0 
3 0.0 
6 33.0 
2 0.0 
4 4.0 
4 4.0 
3 4.0 
3 4.0 
4 12.0 
4 0.0 
0 0.0 
4 4.0 
5 3.0 
2 0.0 
4 0.0 
4 4.0 
2 4.0 
2 0.0 
2 4.0 
3 44.0 
1 4.0 
3 0.0 
4 7.0 
2 8.0 
4 0.0 
4 4.0 
3 0.0 
6 44.0 
3 0.0 
3 0.0 
0 0.0 
4 29.0 
3 39.0 
2 4.0 
4 0.0 
4 0.0 
4 4.0 
3 0.0 
4 0.0 
3 0.0 
0 0.0 
3 4.0 
5 33.0 
2 0.0 
4 4.0 
5 0.0 
2 0.0 
3 4.0 
4 4.0 
4 0.0 
1 0.0 
4 0.0 
6 37.0 
3 0.0 
4 8.0 
3 4.0 
3 0.0 
2 4.0 
2 4.0 
3 0.0 
0 4.0 
3 4.0 
6 29.0 
2 4.0 
5 0.0 
4 4.0 
3 4.0 
3 4.0 
4 44.0 
3 0.0 
2 44.0 
3 4.0 
7 33.0 
2 0.0 
5 0.0 
4 0.0 
3 0.0 
3 4.0 
3 0.0 
3 0.0 
0 8.0 
2 48.0 
7 33.0 
2 4.0 
3 4.0 
5 4.0 
3 0.0 
2 4.0 
3 0.0 
3 4.0 
0 0.0 
3 4.0 
4 29.0 
3 0.0 
4 4.0 
5 0.0 
2 0.0 
3 0.0 
3 0.0 
4 4.0 
0 0.0 
3 0.0 
3 8.0 
2 0.0 
2 0.0 
4 0.0 
3 44.0 
4 4.0 
3 0.0 
4 0.0 
1 0.0 
6 8.0 
4 38.0 
2 0.0 
4 4.0 
4 0.0 
4 0.0 
4 4.0 
2 0.0 
3 4.0 
1 4.0 
3 4.0 
4 29.0 
2 44.0 
4 0.0 
4 0.0 
3 0.0 
3 4.0 
2 4.0 
3 0.0 
1 29.0 
3 0.0 
4 7.0 
3 8.0 
4 4.0 
4 4.0 
3 0.0 
3 0.0 
4 4.0 
3 4.0 
0 0.0 
4 0.0 
5 3.0 
3 8.0 
3 4.0 
3 0.0 
4 44.0 
4 4.0 
3 0.0 
3 12.0 
1 0.0 
2 48.0 
4 38.0 
2 4.0 
4 4.0 
4 4.0 
3 0.0 
3 0.0 
5 44.0 
3 0.0 
0 0.0 
2 8.0 
4 63.0 
2 4.0 
4 0.0 
5 4.0 
2 0.0 
3 0.0 
4 44.0 
3 0.0 
0 0.0 
3 0.0 
4 8.0 
3 29.0 
3 0.0 
3 4.0 
2 8.0 
2 0.0 
2 0.0 
3 0.0 
1 12.0 
5 67.0 
5 3.0 
2 4.0 
4 0.0 
3 0.0 
5 44.0 
1 0.0 
3 4.0 
2 0.0 
3 12.0 
3 0.0 
5 3.0 
1 0.0 
4 4.0 
3 4.0 
3 0.0 
3 4.0 
3 0.0 
3 0.0 
1 0.0 
3 4.0 
5 17.0 
2 0.0 
5 4.0 
4 0.0 
4 4.0 
3 0.0 
2 0.0 
2 0.0 
1 44.0 
4 0.0 
6 29.0 
4 0.0 
6 4.0 
4 4.0 
3 0.0 
3 4.0 
4 48.0 
4 0.0 
0 0.0 
3 0.0 
5 29.0 
2 4.0 
4 4.0 
3 8.0 
3 4.0 
3 4.0 
4 0.0 
4 44.0 
1 44.0 
3 0.0 
5 3.0 
3 29.0 
4 4.0 
3 4.0 
3 0.0 
3 0.0 
2 0.0 
3 0.0 
0 4.0 
2 4.0 
4 33.0 
2 4.0 
3 8.0 
4 4.0 
4 4.0 
3 0.0 
2 0.0 
3 0.0 
1 0.0 
4 0.0 
4 3.0 
2 0.0 
4 4.0 
4 0.0 
3 4.0 
4 0.0 
3 4.0 
4 0.0 
1 0.0 
4 0.0 
5 29.0 
4 0.0 
4 4.0 
4 0.0 
4 0.0 
3 0.0 
3 0.0 
3 4.0 
2 39.0 
3 4.0 
5 3.0 
1 4.0 
4 0.0 
4 4.0 
3 4.0 
3 0.0 
3 4.0 
3 4.0 
1 0.0 
3 0.0 
6 33.0 
1 4.0 
4 4.0 
5 4.0 
3 0.0 
3 0.0 
5 52.0 
3 0.0 
0 0.0 
3 0.0 
5 3.0 
1 0.0 
3 0.0 
4 8.0 
4 29.0 
3 0.0 
3 4.0 
3 0.0 
0 4.0 
3 4.0 
4 29.0 
2 0.0 
5 0.0 
4 4.0 
3 0.0 
3 0.0 
3 4.0 
4 8.0 
1 4.0 
3 4.0 
5 51.0 
2 4.0 
4 4.0 
4 0.0 
3 0.0 
2 0.0 
1 4.0 
3 48.0 
3 44.0 
3 0.0 
5 7.0 
2 0.0 
4 4.0 
4 4.0 
3 0.0 
0 4.0 
3 0.0 
2 0.0 
0 0.0 
3 0.0 
5 7.0 
3 0.0 
4 4.0 
4 8.0 
3 4.0 
3 0.0 
3 0.0 
2 4.0 
1 44.0 
4 0.0 
4 29.0 
2 0.0 
4 0.0 
5 0.0 
4 44.0 
5 4.0 
2 4.0 
3 0.0 
0 0.0 
3 0.0 
4 42.0 
2 0.0 
4 0.0 
4 0.0 
3 0.0 
3 0.0 
3 0.0 
3 0.0 
1 0.0 
2 44.0 
7 3.0 
2 0.0 
4 0.0 
5 37.0 
4 29.0 
3 4.0 
4 48.0 
4 44.0 
1 0.0 
4 44.0 
5 3.0 
3 8.0 
4 4.0 
4 4.0 
3 0.0 
2 0.0 
4 29.0 
3 0.0 
1 4.0 
3 4.0 
5 3.0 
2 4.0 
4 4.0 
4 0.0 
5 29.0 
4 29.0 
3 4.0 
3 0.0 
2 4.0 
3 0.0 
5 3.0 
3 4.0 
5 0.0 
4 4.0 
3 0.0 
3 8.0 
3 4.0 
3 0.0 
2 48.0 
2 0.0 
4 29.0 
3 4.0 
4 0.0 
4 0.0 
4 29.0 
3 0.0 
3 0.0 
4 0.0 
0 0.0 
3 4.0 
5 3.0 
2 0.0 
4 0.0 
4 0.0 
3 0.0 
3 4.0 
4 44.0 
3 0.0 
2 4.0 
4 29.0 
5 37.0 
2 4.0 
4 0.0 
4 0.0 
4 0.0 
3 4.0 
3 48.0 
3 48.0 
0 0.0 
3 4.0 
5 3.0 
2 4.0 
4 0.0 
4 4.0 
3 4.0 
3 0.0 
2 0.0 
2 4.0 
1 0.0 
3 0.0 
4 29.0 
2 0.0 
4 4.0 
5 4.0 
5 48.0 
2 4.0 
3 4.0 
3 0.0 
0 0.0 
4 0.0 
5 3.0 
3 4.0 
5 4.0 
5 4.0 
4 44.0 
3 0.0 
2 0.0 
3 0.0 
1 4.0 
3 0.0 
6 3.0 
2 0.0 
4 0.0 
3 0.0 
3 0.0 
3 0.0 
4 0.0 
3 4.0 
1 44.0 
3 0.0 
5 33.0 
2 0.0 
4 8.0 
3 4.0 
3 0.0 
3 4.0 
3 4.0 
3 4.0 
1 44.0 
3 4.0 
4 7.0 
4 29.0 
4 8.0 
4 4.0 
3 0.0 
3 4.0 
3 4.0 
2 4.0 
0 0.0 
4 39.0 
4 29.0 
2 4.0 
5 0.0 
4 4.0 
2 0.0 
3 4.0 
3 0.0 
4 4.0 
0 4.0 
3 0.0 
3 38.0 
2 0.0 
4 4.0 
6 0.0 
4 0.0 
4 0.0 
3 0.0 
3 0.0 
1 44.0 
3 4.0 
5 3.0 
2 0.0 
3 4.0 
4 0.0 
3 4.0 
3 4.0 
4 4.0 
3 0.0 
1 44.0 
3 0.0 
5 3.0 
2 0.0 
4 0.0 
4 4.0 
3 4.0 
3 0.0 
3 4.0 
3 4.0 
0 0.0 
3 0.0 
3 0.0 
2 4.0 
5 0.0 
3 4.0 
3 4.0 
3 4.0 
3 0.0 
